SM:2023-03-29T08:18:28.5245609Z
LM:2023-03-29T08:43:37.0672888Z
CT:image/jpeg
MA:604800
CL:56187
