SM:2023-03-29T08:12:14.9986488Z
LM:2023-03-29T08:12:16.1201213Z
CT:image/jpeg
MA:604800
CL:30205
