SM:2023-03-29T08:12:15.1568640Z
LM:2023-03-29T08:12:51.0130173Z
CT:image/jpeg
MA:604800
CL:68508
