SM:2023-03-29T08:12:14.9986488Z
LM:2023-03-29T08:12:51.0228394Z
CT:image/jpeg
MA:604800
CL:30175
