SM:2023-03-29T08:12:14.6406423Z
LM:2023-03-29T08:12:51.2431337Z
CT:image/jpeg
MA:604800
CL:47283
