SM:2023-03-29T08:18:28.5245609Z
LM:2023-03-29T08:44:12.9245201Z
CT:image/jpeg
MA:604800
CL:12442
