SM:2023-03-29T09:50:49.3655953Z
LM:2023-03-29T09:50:52.7597532Z
CT:image/jpeg
MA:604800
CL:22728
