SM:2023-03-29T08:18:28.5245609Z
LM:2023-03-29T08:42:48.9502406Z
CT:image/jpeg
MA:604800
CL:13179
