SM:2023-03-29T08:12:14.9986488Z
LM:2023-03-29T08:15:36.2044193Z
CT:image/jpeg
MA:604800
CL:5923
