SM:2023-03-29T08:12:15.1568640Z
LM:2023-03-29T08:12:16.1249025Z
CT:image/jpeg
MA:604800
CL:68456
