SM:2023-03-29T08:12:15.2950146Z
LM:2023-03-29T08:12:16.1234359Z
CT:image/jpeg
MA:604800
CL:70886
