SM:2023-03-29T09:50:49.3655953Z
LM:2023-03-29T12:13:38.2382441Z
CT:image/jpeg
MA:604800
CL:21884
